    
"""
Iranian Flag
"""
    # Construction 0, 1, 2, 3, 4, 5, 6, 7, 8, 9,10,11,12,13,14,15,16,17,18,19 X / Y #
    t.extend(list([3, 3, 3, 3, 3, 3, 3, 3, 3, 3, 3, 3, 3, 3, 3, 3, 3, 3, 3, 3])) # 00
    t.extend(list([3, 3, 3, 3, 3, 3, 3, 3, 3, 3, 3, 3, 3, 3, 3, 3, 3, 3, 3, 3])) # 01
    t.extend(list([3, 3, 3, 3, 3, 3, 3, 3, 3, 3, 3, 3, 3, 3, 3, 3, 3, 3, 3, 3])) # 02
    t.extend(list([3, 3, 3, 3, 3, 3, 3, 3, 3, 3, 3, 3, 3, 3, 3, 3, 3, 3, 3, 3])) # 03
    t.extend(list([3, 3, 3, 3, 3, 3, 3, 3, 3, 3, 3, 3, 3, 3, 3, 3, 3, 3, 3, 3])) # 04
    t.extend(list([3, 0, 3, 0, 3, 0, 3, 0, 3, 0, 0, 3, 0, 3, 0, 3, 0, 3, 0, 3])) # 05
    t.extend(list([0, 0, 0, 0, 0, 0, 0, 0, 0, 0, 0, 0, 0, 0, 0, 0, 0, 0, 0, 0])) # 06
    t.extend(list([0, 0, 0, 0, 0, 1, 0, 1, 0, 1, 1, 0, 1, 0, 1, 0, 0, 0, 0, 0])) # 07
    t.extend(list([0, 0, 0, 0, 0, 1, 0, 0, 1, 1, 1, 1, 0, 0, 1, 0, 0, 0, 0, 0])) # 08
    t.extend(list([0, 0, 0, 0, 0, 0, 1, 0, 0, 1, 1, 0, 0, 1, 0, 0, 0, 0, 0, 0])) # 09
    t.extend(list([0, 0, 0, 0, 0, 0, 0, 1, 0, 1, 1, 0, 1, 0, 0, 0, 0, 0, 0, 0])) # 10
    t.extend(list([0, 0, 0, 0, 0, 0, 0, 0, 1, 1, 1, 1, 0, 0, 0, 0, 0, 0, 0, 0])) # 11
    t.extend(list([0, 0, 0, 0, 0, 0, 0, 1, 0, 1, 1, 0, 1, 0, 0, 0, 0, 0, 0, 0])) # 12
    t.extend(list([0, 0, 0, 0, 0, 0, 0, 0, 0, 0, 0, 0, 0, 0, 0, 0, 0, 0, 0, 0])) # 13
    t.extend(list([1, 0, 1, 0, 1, 0, 1, 0, 1, 0, 0, 1, 0, 1, 0, 1, 0, 1, 0, 1])) # 14
    t.extend(list([1, 1, 1, 1, 1, 1, 1, 1, 1, 1, 1, 1, 1, 1, 1, 1, 1, 1, 1, 1])) # 15
    t.extend(list([1, 1, 1, 1, 1, 1, 1, 1, 1, 1, 1, 1, 1, 1, 1, 1, 1, 1, 1, 1])) # 16
    t.extend(list([1, 1, 1, 1, 1, 1, 1, 1, 1, 1, 1, 1, 1, 1, 1, 1, 1, 1, 1, 1])) # 17
    t.extend(list([1, 1, 1, 1, 1, 1, 1, 1, 1, 1, 1, 1, 1, 1, 1, 1, 1, 1, 1, 1])) # 18
    t.extend(list([1, 1, 1, 1, 1, 1, 1, 1, 1, 1, 1, 1, 1, 1, 1, 1, 1, 1, 1, 1])) # 19
    

"""
Derafsh-e Kaviani-e Pars
"""


    # Construction 0, 1, 2, 3, 4, 5, 6, 7, 8, 9,10,11,12,13,14,15,16,17,18,19 X / Y #
    t.extend(list([17,17,17,17,17,17,17,17,17,17,17,17,17,17,17,17,17,17,17,17])) # 00
    t.extend(list([17, 1, 1, 1, 1, 1, 1, 1, 1, 1, 1, 1, 1, 1, 1, 1, 1, 1, 1,17])) # 01
    t.extend(list([17, 1, 1, 1, 1, 1, 1, 1, 1, 1, 1, 1, 1, 1, 1, 1, 1, 1, 1,17])) # 02
    t.extend(list([17, 1, 1, 9, 9, 9, 9, 9, 9, 9, 9, 9, 9, 9, 9, 9, 9, 1, 1,17])) # 03
    t.extend(list([17, 1, 1, 9, 4, 9, 9, 9, 9,25,25, 9, 9, 9, 9, 4, 9, 1, 1,17])) # 04
    t.extend(list([17, 1, 1, 9, 9, 4, 9, 9, 9,25,25, 9, 9, 9, 4, 9, 9, 1, 1,17])) # 05
    t.extend(list([17, 1, 1, 9, 9, 9, 4, 9, 9, 9, 9, 9, 9, 4, 9, 9, 9, 1, 1,17])) # 06
    t.extend(list([17, 1, 1, 9, 9, 9, 9, 4, 9, 9, 9, 9, 4, 9, 9, 9, 9, 1, 1,17])) # 07
    t.extend(list([17, 1, 1, 9, 9, 9, 9, 9, 4, 9, 9, 4, 9, 9, 9, 9, 9, 1, 1,17])) # 08
    t.extend(list([17, 1, 1, 9,25,25, 9, 9, 9,25,25, 9, 9,25,25, 9, 9, 1, 1,17])) # 09
    t.extend(list([17, 1, 1, 9,25,25, 9, 9, 9,25,25, 9, 9,25,25, 9, 9, 1, 1,17])) # 10
    t.extend(list([17, 1, 1, 9, 9, 9, 9, 9, 4, 9, 9, 4, 9, 9, 9, 9, 9, 1, 1,17])) # 11
    t.extend(list([17, 1, 1, 9, 9, 9, 9, 4, 9, 9, 9, 9, 4, 9, 9, 9, 9, 1, 1,17])) # 12
    t.extend(list([17, 1, 1, 9, 9, 9, 4, 9, 9,25,25, 9, 9, 4, 9, 9, 9, 1, 1,17])) # 13
    t.extend(list([17, 1, 1, 9, 9, 4, 9, 9, 9,25,25, 9, 9, 9, 4, 9, 9, 1, 1,17])) # 14
    t.extend(list([17, 1, 1, 9, 4, 9, 9, 9, 9, 9, 9, 9, 9, 9, 9, 4, 9, 1, 1,17])) # 15
    t.extend(list([17, 1, 1, 9, 9, 9, 9, 9, 9, 9, 9, 9, 9, 9, 9, 9, 9, 1, 1,17])) # 16
    t.extend(list([17, 1, 1, 1, 1, 1, 1, 1, 1, 1, 1, 1, 1, 1, 1, 1, 1, 1, 1,17])) # 17
    t.extend(list([17, 1, 1, 1, 1, 1, 1, 1, 1, 1, 1, 1, 1, 1, 1, 1, 1, 1, 1,17])) # 18
    t.extend(list([17,17,17,17,17,17,17,17,17,17,17,17,17,17,17,17,17,17,17,17])) # 19

"""
Night Scene
"""


    # Construction 0, 1, 2, 3, 4, 5, 6, 7, 8, 9,10,11,12,13,14,15,16,17,18,19 X / Y #
    t.extend(list([2, 2, 2, 2, 2, 2,18, 2, 2, 2, 2, 2, 2, 2, 2, 2, 2, 2, 2, 2])) # 00
    t.extend(list([2, 2,18, 2, 2, 2, 2, 2, 2, 2, 2, 2, 2, 2, 2,18, 2, 2, 2, 2])) # 01
    t.extend(list([2, 2, 2, 2,18, 2, 2, 2, 2, 2,18, 2, 2, 2, 2, 2, 2, 2, 2, 2])) # 02
    t.extend(list([2, 2, 2, 2, 2, 2, 2,18, 2, 2, 2, 2, 2, 2, 2,18, 2, 2, 2, 2])) # 03
    t.extend(list([2, 2,18, 2, 2, 2, 2, 2, 2, 2, 2, 2, 2, 2, 2, 2, 2, 2, 2, 2])) # 04
    t.extend(list([2, 2, 2, 2, 2, 2, 2, 2, 2, 2, 2, 2, 2, 2, 2, 2, 2, 2, 2, 2])) # 05
    t.extend(list([2, 2, 2, 2, 2, 2, 2, 2, 2, 2, 2, 2, 2, 2, 2, 2, 2, 2, 2, 2])) # 06
    t.extend(list([2, 2, 0, 2, 2, 2, 2, 2, 2, 2, 2, 2, 2, 2, 2, 2, 2, 2, 2, 2])) # 07
    t.extend(list([2, 0, 8, 0, 2, 2, 2, 2, 2, 2, 2, 2, 2, 2, 2, 2, 2, 2, 2, 2])) # 08
    t.extend(list([0, 8, 8, 8, 0, 2, 2, 2, 2, 2, 2, 2, 2, 2, 2, 2, 2, 2, 2, 2])) # 09
    t.extend(list([0, 8, 8, 8, 8, 0, 2, 2, 2, 2, 2, 2, 2, 8, 2, 2, 2, 2, 2, 2])) # 10
    t.extend(list([8, 8, 8, 8, 8, 0, 2, 2, 2, 2, 2, 2, 8, 8, 2, 2, 2, 2, 2, 2])) # 11
    t.extend(list([8, 8, 7, 8, 8, 8, 8, 5, 2, 2, 8, 8, 8, 8, 8, 2, 2, 2, 2, 2])) # 12
    t.extend(list([8, 7, 7, 8, 8, 8, 8, 8, 5, 8, 8, 8, 8, 8, 8, 8, 2, 3, 3, 3])) # 13
    t.extend(list([8, 8, 8, 8, 3, 3, 3, 3, 5, 3, 3, 3, 3, 3, 3, 3, 3, 9, 3, 3])) # 14
    t.extend(list([3, 3, 8, 3, 3, 3, 3, 3, 5, 5, 3, 3, 3, 3, 3, 3, 9, 9, 9, 3])) # 15
    t.extend(list([3, 3, 3, 3, 3, 3, 3, 3, 3, 5, 5, 3, 3, 3, 3, 3, 9, 9, 9, 3])) # 16
    t.extend(list([3, 3, 3, 3, 3, 3, 3, 3, 3, 3, 5, 3, 3, 3, 3, 3, 3, 6, 3, 3])) # 17
    t.extend(list([3,19, 3, 3, 3, 3, 3, 3, 3, 3, 5, 5, 3, 3, 3, 1, 3, 6, 1, 3])) # 18
    t.extend(list([3, 3, 3, 3, 3, 3, 3, 3, 3, 3, 3, 5, 5, 3, 3, 3, 3, 6, 3, 3])) # 19